1111001000010
0101001010101
0001110011010
1010101010011
0111110010110
0111101010010
1101010110000
1010000111001
1000110010100
1101101110011
1110001010000
1111101110000
1011101010101
1111100111100
1010101110101
0011000111011
0110010000011
0000111001101
0101001001011
0000111100100
0011000000100
0001110111110
0001101101000
1101000011100
1001111011100
1110000001011
1111000001100
0101110110010
1110001011001
0100110101111
0111011101110
0101111111101
1101001101110
0101010010001
1000101010010
0011000110111
1000010011010
0010110100010
1110110111100
1111110111011
1011011101001
0000011110111
0101001101000
0100100011101
0000111000111
1001101110100
1000001000101
1010110001010
0000010110011
1111111101110
