1100100101001
1100100101001
1100100101101
1100100101001
1100100101001
1100100101001
1100100101001
1100100101001
1100100101001
1100100101001
1100100101001
1100100101001
1100100101001
1100100101001
1100100101001
1100100101001
1100100101001
1100100101001
1100100101001
1100100101001
1100100101001
1100100101001
1100100101001
1100100101001
1100100101001
1100100101001
1100100010001
1100100010001
1100100010001
1100100010001
1100100010001
1100100010001
1100100010001
1100100010001
1100100010001
1100100010001
1100100010001
1100100010001
1100100101001
1100100101001
