10002,05007,06010,09006
06011,08001,09005,09006,06002,10002,10003,06023,03022
08001,08002,08003,08005,08006,07002,07004
06001,06002,06003,06004,06007,07003,07004
02001,05003,05002,09001,07003,09003,09004,07001,07004
03001,03002,03004,03007,06002,06003,04002,04004
01001
02005,02008,09006,09005,05003,05007
06001,06003,04001,03001
06012,06023,06024,06034,06018
07001,07004,07005,06023
01023,01003,06034,06023
04001,04006,04012,07004,08002,08003,08012
08001,09005,09006,10001,06023
03007,08004,08006,06004
10001,10004,03001,03004,03008,04002,02004,01004
05002,08003,09004
06023,06034,06025
06008,06007,06009,06010,06012,06002,06020
06024,06025,06033,06011,06013,06004
08001,08009,08004,08012,08013
02001,02004,02006,02009,05001,05003,05004
07005,03001,06004
03001,03004,06003,06013,06008,07001
06001,08003,08005,06034,06026
04001,04005,04009,06005
03012,03021,07003,07005
01004,01007,02004,02008
07001,08003,09004
07004,08004,09001,04004
07001,07003,07005,04001,04005
07004,08005,09003,05001,06005
03001,04001,04002,02003
01002,09003,10003,04001
10002,03001,03004,04004
09004,09003,09005,09006,08002,02001,04001
09001,02003,02004,02011
03001,03005,04001,04012
08001,08004,06003,06004